9 48 297 40 32 192 128 48 172 288 0 128 403 12 300 1 262 64 0 40 0 -1 0 0 0 -30
9 48 297 40 32 192 128 48 172 288 0 128 403 12 300 1 262 80 0 40 0 4 1 0 0 -20
9 48 297 40 33 192 128 48 172 288 0 128 403 12 300 1 262 80 0 40 0 0 0 0 0 -40
9 48 297 40 33 192 128 48 172 352 0 128 403 12 300 1 262 80 0 40 0 6 1 0 0 -25
9 48 297 40 33 192 160 48 172 352 0 128 403 12 300 1 262 80 0 40 0 -1 0 0 0 -40
9 48 297 40 33 192 224 48 172 352 64 128 403 12 300 17 262 80 0 40 0 4 1 0 0 -25
9 48 297 40 161 192 224 48 172 352 64 128 403 12 300 17 262 80 0 40 0 7 0 0 0 -300
9 48 297 40 161 192 480 48 172 352 64 128 403 12 300 17 326 81 64 40 0 0 1 0 0 0
13 48 297 40 161 192 480 48 172 352 64 130 403 12 300 17 326 81 64 40 0 1 1 0 0 0
13 50 297 40 161 192 480 48 172 352 192 130 403 12 300 17 326 81 64 40 0 7 1 0 0 0
29 50 297 40 161 192 480 176 172 352 192 130 403 14 300 17 334 81 64 40 0 1 1 0 0 -10
29 58 297 40 161 192 480 176 172 352 192 194 403 14 300 17 334 81 66 40 0 -1 1 0 0 300
29 58 297 40 161 192 480 177 172 352 192 194 403 14 300 17 334 81 66 40 128 0 0 0 0 300
29 58 297 40 177 192 480 177 172 480 192 194 403 14 300 17 334 81 66 41 128 4 0 0 0 0
258 1 0 0 0 0 0 0 0 1 0 0 0 0 0 0 0 2 0 0 0 1 0 0 0 0
258 1 0 0 0 0 0 0 0 1 2 0 0 0 0 0 0 2 0 0 0 1 1 0 0 0
258 129 0 0 0 0 0 0 0 1 2 0 0 0 0 0 4 2 0 0 0 2 1 0 0 0
258 129 16 0 0 0 0 0 0 1 2 0 0 0 0 0 4 2 0 0 0 4 0 0 0 0
258 129 16 0 0 0 0 32 0 1 2 0 0 128 0 0 4 2 0 0 0 5 0 0 0 0
258 129 16 0 0 0 128 32 0 1 2 0 0 128 64 0 4 2 0 0 0 7 0 0 0 0
258 129 16 0 0 0 132 33 0 1 2 128 0 128 64 0 68 2 0 0 0 0 0 0 0 0
258 129 16 256 2 0 132 33 0 17 10 128 0 128 64 0 68 2 0 0 0 8 0 0 0 0
258 129 16 256 2 0 132 33 0 17 10 128 0 128 64 0 68 258 0 0 0 8 1 0 0 0
258 161 16 256 2 0 132 33 4 17 10 130 0 128 64 0 68 258 0 0 0 5 0 0 0 0
258 161 16 256 2 0 132 33 4 17 10 130 0 128 192 0 68 258 0 0 0 7 1 0 0 0
258 161 16 256 2 0 132 41 4 17 10 130 128 128 192 0 68 258 0 0 0 7 1 0 0 10
258 161 16 256 2 0 132 43 4 17 266 130 128 128 192 0 68 258 0 0 0 8 1 0 0 0
266 161 16 256 2 0 132 43 36 17 266 130 160 128 193 0 68 258 0 0 0 5 1 0 0 0
266 161 16 256 2 6 132 43 37 49 266 386 160 128 193 0 68 258 0 0 0 1 0 0 0 0
266 161 16 264 2 6 164 43 37 49 330 386 160 128 201 0 68 258 0 32 0 3 0 0 0 -15
266 161 16 264 2 6 164 43 37 49 330 386 164 128 201 0 68 258 0 32 0 2 1 0 0 -10
266 161 24 264 2 6 164 43 37 49 330 386 164 128 201 0 68 258 0 32 0 3 0 0 0 -15
266 161 24 264 6 6 228 43 37 49 330 450 180 128 201 2 68 258 0 36 0 1 1 0 0 -30
266 165 24 264 6 6 228 43 37 49 330 450 180 128 201 2 84 258 0 164 0 4 1 0 0 -15
266 165 24 264 38 6 228 43 37 49 330 450 180 144 201 2 84 258 0 164 0 4 1 0 0 -15
266 165 24 264 39 6 244 43 165 113 346 450 180 144 201 2 84 258 80 164 2 -1 0 0 0 -25
266 165 24 264 39 6 244 43 165 113 346 450 180 144 201 2 84 274 80 164 2 -1 1 0 0 0
266 165 24 266 39 6 244 43 165 113 346 450 180 144 201 2 84 274 80 164 2 -1 0 0 0 0
270 165 24 266 39 6 244 43 165 113 346 450 245 144 201 2 84 274 80 172 2 -1 1 0 0 0
398 165 24 266 39 6 244 43 165 113 346 450 245 144 201 2 84 274 80 172 3 -1 0 0 0 0
398 165 24 266 39 6 244 43 165 113 346 450 245 144 201 2 84 282 80 172 3 -1 1 0 0 0
0 0 136 0 0 0 0 0 0 0 0 0 4 0 0 0 0 0 0 0 0 7 0 0 0 0
0 0 136 0 0 0 0 0 0 0 0 0 4 0 0 0 64 0 0 0 0 6 1 0 0 0
0 0 136 0 0 0 16 0 0 0 0 0 4 0 0 0 64 0 0 0 0 4 0 0 0 0
0 0 136 0 0 0 16 0 0 0 0 0 4 16 0 0 64 0 0 0 0 4 1 0 0 0
0 0 136 0 1 0 16 0 0 8 0 0 4 16 0 0 64 0 0 0 0 3 1 0 0 0
0 0 136 2 1 0 16 0 0 8 256 0 4 16 0 0 64 0 0 0 0 8 1 0 0 0
0 0 136 2 1 64 16 18 257 40 257 0 4 144 0 256 64 128 0 0 0 0 1 0 0 0
144 0 136 2 1 64 16 18 257 40 257 0 4 176 0 256 65 128 0 0 0 5 1 0 0 0
144 0 136 2 1 320 16 18 257 40 257 0 4 176 0 256 65 128 0 0 0 8 0 0 0 0
144 0 392 2 1 352 16 18 257 40 257 0 4 176 8 256 65 164 0 0 0 3 1 0 0 0
144 0 392 10 5 352 16 18 257 40 257 16 20 176 8 256 65 164 0 0 0 4 1 0 0 15
144 0 394 10 7 352 16 18 257 40 261 16 20 176 8 256 65 164 16 0 0 1 0 0 0 20
148 0 394 10 7 352 48 18 257 40 263 80 20 176 8 256 65 164 16 2 0 5 0 0 0 20
148 0 394 10 7 352 112 146 257 40 263 80 20 176 136 256 65 228 144 2 0 6 0 0 0 300
148 0 394 10 7 352 112 146 257 40 263 80 20 176 136 384 65 228 144 2 0 -1 1 0 0 300
468 0 394 138 7 352 112 146 257 40 263 80 20 176 136 392 65 230 145 2 0 -1 0 0 0 300
468 0 394 138 7 352 112 146 257 40 263 81 20 176 136 392 65 230 145 2 0 -1 1 0 0 300
468 0 394 170 7 356 112 146 257 40 263 85 20 176 136 392 65 230 177 6 0 -1 0 0 0 0
468 0 394 170 7 356 112 146 257 40 263 85 20 176 136 396 65 230 177 6 0 -1 1 0 0 300
468 0 394 426 7 356 112 146 257 40 263 85 20 176 136 396 65 230 177 6 0 8 0 0 0 300
468 0 394 426 7 356 112 146 257 40 263 85 20 176 136 396 65 246 177 262 0 -1 1 0 0 300
64 0 0 0 0 0 0 0 0 0 0 0 0 0 0 1 0 0 0 0 0 0 1 0 0 0
65 0 0 4 0 0 0 0 0 8 0 0 0 0 0 1 0 0 0 0 0 2 0 0 0 0
65 0 0 4 0 4 0 0 0 8 0 32 0 0 0 1 0 0 0 0 0 2 0 0 0 0
65 0 0 4 4 4 0 0 0 8 0 48 0 0 0 1 0 0 0 0 0 2 0 0 0 -10
65 0 0 4 4 4 0 8 0 8 0 176 256 0 0 1 0 0 0 0 0 8 1 0 0 0
65 0 0 4 4 4 0 8 2 8 0 176 256 0 0 1 0 0 0 0 0 1 0 0 0 0
65 0 0 4 4 4 0 8 2 8 16 176 256 0 0 1 0 0 0 0 0 4 1 0 0 0
65 0 0 4 6 4 0 8 2 8 144 176 256 0 0 1 0 0 0 0 0 7 1 0 0 0
65 0 0 4 6 4 0 24 2 8 144 176 256 0 0 1 0 0 0 0 0 4 0 0 0 0
65 0 0 68 6 4 0 24 2 8 144 176 256 8 0 1 0 0 0 0 0 6 0 0 0 0
65 0 0 68 6 4 128 24 2 8 144 176 256 8 0 65 1 0 0 0 0 0 1 0 0 10
97 0 0 68 6 260 128 24 2 8 144 176 256 8 32 65 1 4 0 0 0 2 1 0 0 0
97 0 256 68 6 260 128 24 2 8 144 176 256 8 32 65 1 4 0 0 0 8 0 0 0 0
97 0 256 68 262 260 128 24 2 8 144 176 256 8 32 65 1 276 0 0 0 8 1 0 0 0
97 8 256 69 262 260 128 24 66 10 144 176 256 8 32 73 1 276 0 64 0 3 0 0 0 -5
97 10 256 69 262 260 128 28 66 10 208 176 258 8 32 73 1 276 0 64 0 2 0 0 0 -20
97 10 256 69 262 260 128 28 66 10 208 240 258 8 32 73 1 276 0 64 0 -1 1 0 0 0
97 11 256 69 390 260 128 28 66 26 208 240 258 8 32 73 1 276 0 64 0 7 0 0 0 -15
97 11 256 69 390 260 128 28 194 26 208 240 258 8 32 73 259 276 0 64 0 1 1 0 0 5
97 15 256 69 390 260 128 28 194 26 208 240 258 8 32 73 259 276 2 64 0 2 0 0 0 0
97 15 256 69 390 261 128 28 194 26 208 242 258 8 32 73 259 276 2 68 0 0 0 0 0 300
97 15 256 85 390 261 128 60 194 154 208 242 258 8 40 73 259 276 138 69 0 4 0 0 0 -300
97 15 256 85 390 261 128 60 194 154 208 242 258 9 40 73 259 276 138 69 0 -1 1 0 0 300
0 16 0 0 0 0 0 0 0 0 0 0 0 1 0 0 0 0 0 0 0 0 1 0 0 0
128 16 0 0 0 0 0 0 0 0 0 0 0 1 0 0 0 0 0 0 0 7 0 0 0 0
128 48 0 0 0 0 0 0 0 0 0 0 0 1 16 0 2 0 0 0 0 4 1 0 0 0
128 48 0 0 64 0 2 32 0 0 0 0 0 1 80 128 2 0 0 0 0 1 0 0 0 0
128 48 0 0 64 0 2 32 0 0 8 0 0 1 80 128 2 0 0 0 0 3 1 0 0 0
128 48 0 32 64 0 2 32 0 0 8 0 0 1 80 128 2 0 0 0 0 5 0 0 0 -10
128 48 128 32 66 0 2 32 0 0 8 0 0 1 84 128 18 0 0 32 0 1 0 0 0 -10
128 48 128 32 66 0 2 32 0 0 9 0 0 1 84 128 18 0 0 32 0 0 1 0 0 -10
129 48 128 32 66 0 2 32 0 8 9 0 0 1 84 128 18 0 0 32 0 3 1 0 0 -10
129 48 128 33 66 0 2 32 0 8 9 0 0 1 84 128 18 0 0 32 0 0 0 0 0 -10
129 48 128 33 66 0 258 32 0 72 9 0 0 1 84 128 18 0 0 32 0 8 0 0 0 -10
129 48 128 33 66 0 258 32 0 72 9 0 0 1 84 128 18 4 0 32 0 2 1 0 0 -10
129 48 160 33 66 0 258 32 0 72 9 0 0 1 84 128 19 4 0 32 0 0 1 0 0 -10
133 48 160 33 66 0 258 32 0 72 9 0 0 1 84 128 19 4 0 32 0 2 0 0 0 -10
133 48 160 33 66 0 258 32 0 72 9 1 0 1 84 128 19 4 0 32 0 0 1 0 0 -10
165 48 160 33 66 0 258 32 3 328 9 1 0 1 84 128 19 260 0 32 0 1 0 0 0 -20
165 304 160 49 66 0 274 40 3 328 11 1 4 137 84 128 19 324 0 32 0 2 1 0 0 -10
165 304 162 49 66 0 274 40 3 328 11 1 4 137 84 128 19 324 0 32 0 1 0 0 0 -20
165 304 170 113 66 0 274 40 3 328 15 1 12 137 84 128 19 324 0 34 0 6 0 0 0 -300
165 304 170 115 66 0 274 40 3 328 15 1 12 141 84 136 19 324 0 34 0 2 1 0 0 -20
167 304 234 115 66 0 274 40 3 328 15 1 12 141 84 137 19 324 1 34 0 -1 0 0 0 -300
167 304 234 243 322 0 278 40 3 328 15 257 12 141 84 137 87 340 9 418 0 2 1 0 0 -300
167 304 250 243 338 0 278 40 3 328 15 257 12 173 84 137 87 340 13 418 16 -1 0 0 0 -300
0 0 0 0 32 4 0 0 0 0 0 16 0 0 0 0 0 0 0 0 0 5 0 0 0 0
0 0 0 0 32 4 0 0 0 0 0 16 0 0 2 0 0 0 0 0 0 1 1 0 0 0
0 128 0 0 32 4 0 0 0 0 0 16 0 0 2 0 256 0 0 0 0 8 1 0 0 0
0 128 0 0 32 4 0 0 8 0 0 16 1 0 2 0 256 0 0 0 0 0 1 0 0 0
4 128 0 0 32 4 128 0 8 0 0 80 1 0 2 0 258 0 0 0 0 1 1 0 0 0
4 130 4 0 32 4 128 0 8 0 4 80 1 0 2 0 258 0 0 0 0 2 0 0 0 0
12 194 4 0 32 4 128 0 8 0 4 82 65 0 2 1 258 0 0 0 0 6 1 0 0 0
12 194 4 0 32 4 192 0 8 0 4 82 65 0 2 1 258 0 0 0 0 6 0 0 0 0
12 194 4 0 32 4 192 0 8 0 4 82 65 0 2 5 258 0 0 0 0 2 1 0 0 0
12 194 132 0 32 4 192 0 8 0 4 82 65 0 2 5 259 0 0 0 0 0 1 0 0 0
140 194 132 0 32 4 192 0 8 0 4 82 65 0 2 5 259 0 0 0 0 7 0 0 0 -10
140 194 132 0 32 4 194 0 8 0 4 82 65 0 2 5 323 0 0 0 0 1 0 0 0 0
140 194 132 4 32 4 194 0 8 0 12 114 65 0 2 5 323 0 0 0 0 5 1 0 0 0
140 194 132 4 32 36 194 0 8 0 12 114 65 0 2 5 323 0 0 0 0 5 0 0 0 0
140 194 132 4 36 36 450 0 138 0 268 114 65 0 66 5 451 256 64 128 0 2 0 0 0 0
140 194 132 4 36 36 450 0 138 0 268 370 65 0 66 5 451 256 64 128 0 8 1 0 0 20
204 194 132 4 39 36 450 0 154 2 284 370 65 64 82 5 451 256 336 128 0 1 1 0 0 300
236 195 132 4 39 36 450 0 154 3 284 370 65 64 338 5 451 256 336 128 0 -1 1 0 0 300
236 195 132 12 39 36 450 0 154 3 284 370 321 64 338 5 451 256 336 128 0 -1 1 0 0 300
236 227 132 12 39 36 450 0 154 3 284 370 321 64 339 5 451 256 336 160 2 0 1 0 0 300
0 0 128 64 0 0 0 0 0 0 0 0 0 0 0 64 8 0 0 0 0 6 1 0 0 0
0 0 128 64 0 256 256 0 64 0 0 0 0 0 0 64 8 288 0 0 0 6 0 0 0 0
0 0 128 64 0 256 256 0 64 0 0 0 0 0 0 192 8 288 0 0 0 7 1 0 0 0
0 0 128 64 0 257 256 64 64 2 0 0 0 0 0 224 8 288 0 0 0 1 1 0 0 0
0 128 128 64 0 257 256 64 64 2 0 0 0 0 0 224 40 288 0 0 0 5 1 0 0 10
0 128 128 64 0 261 256 64 64 2 0 0 0 0 0 224 40 288 0 0 0 2 0 0 0 0
0 128 128 64 1 261 256 64 64 2 0 16 0 0 0 224 40 288 0 0 0 0 0 0 0 0
0 128 384 64 1 261 256 64 64 6 0 16 0 0 0 224 40 288 0 0 0 8 0 0 0 0
0 128 384 68 1 261 256 64 64 6 0 16 0 0 0 224 40 296 0 0 0 2 0 0 0 0
0 128 384 68 1 261 256 64 64 6 0 20 0 0 0 224 40 296 0 0 0 2 1 0 0 10
0 128 448 68 1 261 256 64 66 6 0 20 0 0 0 228 40 296 4 0 0 1 0 0 0 10
0 384 448 68 1 261 256 64 66 6 2 20 0 0 0 228 40 300 4 256 0 -1 1 0 0 10
0 384 448 68 1 261 258 64 66 6 34 20 0 0 0 228 40 300 4 256 0 5 1 0 0 10
0 384 448 68 1 325 258 64 66 6 34 20 0 0 0 228 40 300 4 256 0 6 0 0 0 -5
0 384 448 68 65 325 258 64 66 6 34 20 0 0 16 244 40 300 4 320 0 4 1 0 0 0
0 0 0 0 0 256 0 0 0 0 0 0 0 0 0 0 0 0 0 0 0 8 0 0 0 0
0 0 0 0 0 256 0 128 0 0 0 0 0 0 0 0 0 128 0 0 0 7 0 0 0 0
0 0 0 0 0 256 0 128 8 0 0 0 0 0 0 0 256 128 0 0 0 3 0 0 0 0
0 0 0 0 0 256 0 128 8 0 0 0 8 0 0 0 256 128 0 0 0 3 1 0 0 0
0 0 0 64 0 256 0 128 8 0 0 0 8 0 0 0 256 128 0 0 0 6 0 0 0 0
0 64 0 64 0 256 0 128 8 0 0 0 8 0 0 2 256 128 0 0 0 6 0 0 0 0
0 64 0 64 0 256 0 128 8 0 0 0 8 0 0 130 256 128 0 0 0 7 1 0 0 0
