44 112 36 128 4 20 9 312 88 384 0 146 102 195 297 288 4 1 128 4 0 5 1 0 0 -5
44 112 36 128 4 22 9 312 90 384 4 146 102 195 297 288 4 1 128 4 0 1 0 0 0 -5
44 112 36 128 4 22 9 312 90 384 260 146 102 195 297 288 4 1 128 4 0 8 1 0 0 300
44 112 36 128 4 22 137 312 94 448 262 146 102 195 297 288 4 1 384 5 0 1 1 0 0 -300
44 113 36 128 4 22 137 312 94 448 262 146 102 195 297 288 4 1 384 5 0 -1 0 0 0 -300
44 113 36 128 4 22 137 312 94 448 262 146 103 195 297 288 4 1 384 13 0 -1 1 0 0 300
44 113 36 128 260 22 137 312 94 448 262 146 103 195 297 288 4 1 384 13 0 -1 0 0 0 -300
44 113 36 128 260 22 137 312 94 448 262 146 103 195 297 352 4 1 384 13 0 6 1 0 0 300
44 113 36 128 260 22 141 312 94 448 262 146 103 195 297 352 4 1 384 13 0 -1 0 0 0 -300
44 113 36 128 260 22 141 312 94 448 262 146 103 211 297 352 4 1 384 29 0 -1 1 0 0 300
44 113 36 128 260 86 141 312 94 448 262 146 103 211 297 352 4 1 416 29 0 6 0 0 0 0
44 241 36 128 260 86 141 312 94 448 270 146 103 211 297 354 4 1 416 29 2 -1 1 0 0 0
32 0 128 0 0 0 0 0 0 0 0 0 0 0 0 0 1 0 0 0 0 5 0 0 0 0
32 0 128 0 0 128 0 0 0 0 0 0 0 0 32 0 1 0 0 0 0 7 0 0 0 0
32 0 128 16 0 128 0 0 0 0 0 0 0 0 32 0 9 0 0 0 0 4 0 0 0 0
32 0 136 16 0 128 0 128 0 0 0 0 128 4 32 0 9 0 0 0 0 7 0 0 0 -10
32 0 136 16 0 128 0 128 128 0 0 0 128 4 32 0 267 0 0 0 0 1 1 0 0 0
32 1 136 16 0 128 0 128 160 256 0 0 128 4 32 0 267 0 0 0 0 5 0 0 0 0
32 129 136 16 0 128 0 128 160 256 0 0 128 4 34 0 271 0 0 128 0 2 1 0 0 -10
32 129 138 16 0 128 16 128 176 256 64 0 128 260 34 0 271 0 0 128 0 4 0 0 0 -20
48 385 138 16 0 128 16 128 176 256 64 0 128 263 34 0 271 0 0 144 0 8 0 0 0 -15
48 385 138 20 0 128 16 128 176 256 64 0 128 263 34 0 271 8 0 144 0 2 0 0 0 -10
48 385 138 20 0 128 16 128 176 256 64 1 128 263 34 0 271 8 0 144 0 0 1 0 0 0
176 393 138 20 0 128 16 128 176 256 64 1 128 263 34 2 271 8 0 144 0 3 0 0 0 -15
177 393 138 20 0 128 24 128 176 320 64 1 129 263 34 2 271 8 0 144 0 3 0 0 0 -15
177 393 138 20 0 128 24 128 176 320 64 1 131 263 34 2 271 8 0 144 0 1 1 0 0 5
177 425 138 20 0 128 24 128 176 320 64 1 131 263 34 2 271 8 0 144 0 5 0 0 0 -5
177 425 154 20 0 129 24 128 178 324 64 1 131 263 38 2 271 12 260 144 0 1 0 0 0 300
177 425 154 20 0 129 24 128 178 324 68 1 131 263 38 2 271 12 260 144 0 -1 1 0 0 300
177 425 154 20 0 385 24 128 178 324 68 1 131 263 38 2 271 12 260 144 0 -1 0 0 0 -300
177 425 154 20 0 385 24 128 178 324 68 1 131 263 38 6 271 12 260 144 0 -1 1 0 0 300
177 425 154 52 0 385 56 128 178 324 68 1 131 263 110 6 271 12 324 144 0 3 1 0 0 -300
177 425 154 308 0 385 56 128 178 324 68 1 131 263 110 6 271 12 332 144 0 -1 0 0 0 -300
0 0 0 0 0 0 0 0 8 0 0 0 0 0 0 0 0 0 0 0 0 3 0 0 0 0
0 128 0 0 0 0 0 0 8 0 0 0 2 0 0 0 0 0 0 0 0 7 0 0 0 0
0 128 0 0 0 32 0 0 8 0 0 0 2 0 0 0 32 0 0 0 0 5 0 0 0 0
0 144 0 0 0 32 0 0 8 0 0 0 2 0 2 0 32 0 0 0 0 4 0 0 0 0
0 144 0 0 0 32 0 0 8 0 0 0 2 32 2 0 32 0 0 0 0 5 1 0 0 0
0 144 0 0 0 40 0 0 8 0 0 0 2 32 2 0 32 0 0 0 0 3 0 0 0 0
0 144 0 0 128 40 0 0 8 0 0 0 18 32 2 0 96 0 0 0 0 6 1 0 0 0
0 144 0 0 128 40 2 0 8 0 2 0 18 32 2 0 96 0 0 0 0 1 1 0 0 0
0 176 128 0 136 40 2 0 8 0 2 0 26 32 6 0 112 0 0 0 0 3 1 0 0 0
128 176 128 1 136 40 2 0 8 1 2 0 26 32 6 0 112 0 0 0 0 7 0 0 0 -10
128 176 128 1 136 40 2 260 8 1 2 0 26 32 6 0 240 128 0 0 0 2 0 0 0 0
128 176 128 5 136 40 2 260 8 1 2 8 26 32 6 0 240 128 0 0 0 2 0 0 0 0
128 176 128 5 136 40 2 260 8 1 2 24 26 32 6 0 240 128 0 0 0 4 1 0 0 0
128 176 128 5 392 40 2 260 8 1 2 24 26 32 6 0 240 128 0 0 0 8 0 0 0 0
128 176 128 5 392 40 2 260 8 1 2 24 26 32 6 0 240 129 0 0 0 0 1 0 0 0
144 176 128 5 392 40 2 260 8 1 2 24 26 32 6 0 240 129 0 0 0 4 0 0 0 0
146 176 128 5 392 40 2 260 24 1 258 24 26 49 6 0 240 129 1 0 0 4 1 0 0 25
146 176 128 5 396 41 2 260 24 1 258 56 26 49 6 0 240 129 1 4 0 -1 0 0 0 0
146 176 128 5 396 41 2 260 24 1 258 56 26 49 6 0 242 129 1 132 0 1 1 0 0 15
146 180 128 5 396 41 2 260 24 1 258 56 26 49 6 0 242 129 1 132 0 -1 0 0 0 5
146 180 128 5 396 41 258 260 24 1 258 56 26 49 134 0 242 129 1 132 0 8 0 0 0 10
146 180 128 5 396 41 258 260 24 1 258 56 26 49 134 0 242 133 1 132 0 -1 1 0 0 300
146 180 128 5 396 41 386 260 24 1 266 56 26 49 134 0 242 133 1 132 0 3 1 0 0 0
146 180 128 261 396 41 386 260 24 1 266 56 26 49 134 0 242 133 1 132 0 8 0 0 0 -300
146 180 128 261 396 41 386 260 24 1 266 56 26 49 134 0 242 135 1 388 0 1 1 0 0 -300
146 181 128 325 460 57 386 260 24 1 266 56 26 49 134 21 242 135 49 388 0 -1 0 0 0 -300
0 0 0 0 0 64 0 0 0 0 0 0 0 0 0 128 0 0 0 0 0 7 1 0 0 0
0 0 0 0 0 64 0 1 0 0 0 0 0 0 0 128 0 0 0 0 0 0 0 0 0 0
4 0 0 0 0 64 48 1 0 64 0 32 0 64 1 128 0 0 0 0 0 5 1 0 0 0
4 0 0 0 0 68 48 17 0 64 0 160 0 64 1 128 0 0 0 0 0 4 0 0 0 0
4 0 0 0 0 68 48 19 0 64 0 160 0 192 1 128 0 0 0 0 0 1 0 0 0 0
4 0 1 0 0 68 48 19 0 64 4 160 0 192 1 128 0 0 0 0 0 0 0 0 0 0
4 0 1 0 0 68 48 19 0 66 4 160 0 192 1 128 0 0 0 0 0 1 1 0 0 0
4 256 1 4 1 68 48 19 0 74 4 168 0 192 1 128 0 16 0 0 0 3 1 0 0 0
4 256 1 5 1 324 48 19 0 106 4 168 0 192 1 128 0 16 0 0 0 8 0 0 0 0
4 256 1 5 1 324 48 19 128 106 4 168 0 192 1 128 256 272 0 0 0 8 1 0 0 0
4 256 1 5 1 324 48 19 160 106 4 168 0 192 1 128 256 272 0 0 0 5 0 0 0 0
4 256 1 5 1 324 48 19 160 106 4 168 0 192 129 128 256 272 0 0 0 7 1 0 0 0
4 256 1 5 1 324 48 27 160 106 4 168 32 192 129 128 256 272 0 0 0 5 1 0 0 0
4 256 1 5 1 340 48 27 161 106 4 168 32 448 129 128 256 272 32 16 0 0 0 0 0 -5
4 256 1 5 1 340 52 31 169 107 4 424 160 448 129 128 256 272 160 17 0 2 0 0 0 5
4 288 1 5 1 340 52 31 169 107 4 428 160 448 129 128 256 272 160 21 0 -1 0 0 0 -300
4 288 1 5 1 340 52 31 171 107 4 428 416 448 129 128 256 272 160 21 0 1 0 0 0 -300
4 288 1 5 1 340 52 31 171 107 132 428 416 448 129 128 256 272 160 21 0 -1 1 0 0 300
0 128 0 0 0 0 0 0 0 0 0 0 0 0 0 0 256 0 0 0 0 8 1 0 0 0
0 128 0 0 0 0 0 0 8 0 0 0 1 0 0 0 256 0 0 0 0 0 1 0 0 0
1 128 0 0 0 0 0 0 8 128 0 0 1 0 0 0 256 0 0 0 0 7 1 0 0 0
1 128 0 0 0 0 0 2 8 128 256 0 1 0 0 0 256 0 0 0 0 8 1 0 0 0
1 128 0 0 0 0 0 2 72 128 256 0 1 0 0 0 256 0 0 0 0 6 0 0 0 0
1 144 0 0 0 0 0 2 72 128 256 0 1 0 0 2 256 0 0 0 0 4 0 0 0 0
1 144 0 0 0 0 32 2 72 128 256 0 1 64 8 2 256 0 0 0 0 3 1 0 0 0
65 144 0 8 0 0 160 2 72 128 256 0 65 64 8 6 257 0 0 0 0 2 1 0 0 0
65 144 16 8 0 0 160 2 72 128 256 0 65 65 8 6 257 0 0 0 0 0 1 0 0 5
321 145 17 8 0 0 160 2 72 134 256 0 65 65 8 6 257 2 0 0 0 1 1 0 0 0
321 177 17 8 0 0 160 2 72 134 256 0 65 65 72 6 257 2 0 0 0 6 1 0 0 0
321 241 19 8 0 0 176 2 72 134 258 0 65 69 72 6 257 2 0 0 0 6 0 0 0 -5
321 241 19 8 0 0 176 2 72 134 258 0 65 69 72 262 257 2 0 0 0 8 1 0 0 5
321 241 19 8 0 0 176 2 104 134 258 0 65 69 72 262 257 2 0 0 0 5 0 0 0 -5
337 241 19 40 0 0 176 2 104 134 258 0 65 77 73 262 257 2 1 48 0 -1 0 0 0 -300
337 241 19 40 0 0 176 2 104 134 258 0 65 77 73 262 385 2 1 48 0 7 1 0 0 -300
337 241 19 40 0 0 176 34 104 134 258 0 65 77 73 262 385 2 1 48 0 -1 0 0 0 -300
337 241 23 40 0 0 176 34 105 134 262 256 65 77 73 262 385 2 261 48 0 -1 0 0 0 -300
337 241 23 40 0 0 176 34 105 134 262 256 65 77 73 262 401 2 261 176 0 -1 1 0 0 300
337 241 23 168 0 0 176 34 105 134 262 256 65 77 73 262 401 2 261 176 0 -1 0 0 0 0
337 241 23 168 0 0 176 34 105 134 262 256 67 77 73 262 401 2 261 176 0 1 1 0 0 300
0 0 0 0 16 0 0 0 0 0 0 0 0 2 0 0 0 0 0 0 0 1 1 0 0 0
0 256 0 0 16 0 0 0 0 0 0 0 0 2 0 0 0 1 0 0 0 0 1 0 0 0
256 256 0 0 16 0 0 0 0 0 0 0 0 2 0 0 0 1 0 0 0 8 0 0 0 0
256 256 0 0 16 0 0 0 0 0 0 0 0 2 0 0 0 33 0 0 0 5 1 0 0 0
256 256 0 0 16 128 0 0 8 0 0 0 2 2 0 0 256 33 0 0 0 1 1 0 0 0
256 258 4 0 16 128 0 0 8 0 4 0 2 2 0 0 256 33 0 0 0 2 0 0 0 0
256 258 4 0 16 128 0 0 8 0 4 128 2 2 0 0 256 33 0 0 0 7 1 0 0 0
256 258 4 0 16 128 0 1 8 0 4 128 2 2 0 0 256 33 0 0 0 0 0 0 0 0
256 258 4 0 16 128 0 1 8 16 4 128 2 2 0 0 256 33 0 0 0 4 1 0 0 0
256 258 4 0 272 128 0 33 8 16 4 128 2 2 64 0 256 161 0 0 0 6 1 0 0 0
256 258 4 0 272 128 1 33 8 16 4 128 2 2 64 0 256 161 0 0 0 0 0 0 0 0
256 258 68 0 272 128 1 33 8 20 4 128 2 2 64 8 256 161 0 0 0 3 1 0 0 0
256 258 68 256 272 128 1 33 8 20 4 128 2 2 64 8 256 161 0 0 0 8 0 0 0 0
256 386 68 256 272 128 1 33 8 20 4 128 2 2 64 8 256 163 0 0 0 7 0 0 0 0
256 386 68 256 272 128 1 33 8 20 4 128 2 2 64 8 264 163 0 0 0 3 1 0 0 0
256 386 68 320 272 128 1 33 8 20 4 128 2 2 64 72 264 163 0 0 0 6 1 0 0 10
256 386 70 320 272 128 17 33 8 20 4 128 2 6 64 72 264 163 0 0 0 1 0 0 0 0
256 386 70 320 272 128 17 33 8 20 36 128 2 6 64 72 264 163 0 0 0 5 1 0 0 10
256 386 70 320 272 144 273 33 8 20 36 128 2 70 64 72 264 163 64 0 0 8 0 0 0 10
256 386 70 320 272 144 273 33 8 20 36 128 2 70 64 72 264 167 64 256 0 2 1 0 0 25
256 386 326 320 272 144 273 33 8 20 36 129 2 70 64 72 264 167 64 256 0 0 1 0 0 20
264 386 326 336 272 146 273 33 8 20 44 129 34 70 64 72 264 167 96 256 0 4 0 0 0 -10
264 386 326 336 272 146 273 33 8 20 44 129 34 78 64 72 264 167 96 256 0 3 1 0 0 300
328 386 326 337 272 146 273 33 8 21 44 129 34 78 64 72 264 167 104 256 0 -1 0 0 0 -300
328 386 326 337 272 146 273 33 8 21 44 137 34 78 64 72 264 167 104 256 0 -1 1 0 0 300
0 0 0 0 256 0 0 16 0 0 0 0 0 16 0 0 0 128 0 0 0 4 1 0 0 0
0 0 0 0 288 0 0 16 0 0 0 0 0 16 1 0 0 128 0 0 0 0 1 0 0 0
1 0 0 0 288 0 0 16 0 2 0 0 0 16 1 0 0 128 0 0 0 1 1 0 0 0
1 2 0 0 288 0 0 16 0 2 64 0 0 16 1 0 0 128 0 0 0 6 1 0 0 0
1 2 0 0 288 0 16 16 0 2 64 0 0 18 1 0 0 128 0 0 0 1 1 0 0 0
1 258 0 0 288 0 16 16 0 2 64 0 0 18 1 0 0 128 0 0 0 8 0 0 0 0
1 258 0 0 288 2 16 16 0 2 64 0 0 18 1 0 0 160 0 0 0 1 0 0 0 0
1 258 32 0 288 2 16 16 0 2 68 0 0 18 33 0 0 160 0 0 0 5 1 0 0 0
1 258 32 0 288 10 16 16 0 2 68 0 4 18 33 0 0 160 0 0 0 2 1 0 0 0
1 258 40 0 288 10 16 16 0 2 68 0 4 18 33 0 0 160 0 0 0 3 0 0 0 0
1 258 40 2 288 10 16 16 0 2 68 0 12 18 33 0 0 160 0 0 0 1 0 0 0 0
65 258 40 2 288 10 16 18 0 2 197 0 12 18 33 1 0 160 0 0 0 0 1 0 0 0
73 258 40 2 288 74 16 18 0 2 197 0 44 18 33 9 0 160 1 0 0 3 1 0 0 10
73 258 40 258 288 74 144 18 0 2 197 0 44 18 33 9 0 224 1 0 0 7 0 0 0 15
73 258 40 258 288 74 144 18 0 2 197 0 44 18 33 9 256 224 1 0 0 8 1 0 0 15
73 258 40 258 289 74 146 18 2 2 213 0 44 18 33 9 320 240 65 2 0 4 1 0 0 300
73 258 40 258 353 74 146 18 2 2 213 0 44 18 33 9 320 240 65 2 0 -1 0 0 0 -5
73 258 40 258 353 74 146 18 2 2 213 1 44 18 33 9 320 240 65 2 0 -1 1 0 0 300
73 258 40 258 353 74 146 19 2 2 213 1 44 18 33 9 320 240 65 2 0 -1 0 0 0 0
73 258 424 274 353 74 146 19 2 2 213 5 44 18 33 9 324 496 65 258 0 4 0 0 0 300
73 258 424 274 353 74 146 19 2 2 213 5 44 26 33 9 324 496 65 258 0 3 1 0 0 300
73 258 424 338 353 74 146 19 2 2 213 5 44 26 33 9 332 496 65 258 0 3 1 0 0 300
0 8 0 0 0 0 0 0 0 0 0 0 0 0 0 0 0 0 0 0 0 3 0 0 0 0
0 8 0 0 0 0 0 0 0 0 0 0 1 0 0 0 0 0 0 0 0 0 1 0 0 0
1 8 4 0 0 0 0 0 0 4 0 0 1 0 0 0 0 0 0 0 0 2 0 0 0 0
1 8 4 0 0 0 0 2 0 4 0 128 1 0 0 0 0 0 0 0 0 1 0 0 0 0
1 8 4 0 0 0 0 2 0 4 1 128 1 0 0 0 0 0 0 0 0 0 1 0 0 0
3 8 4 0 0 0 0 2 0 4 65 128 1 0 0 0 0 0 0 0 0 6 1 0 0 0
3 8 4 0 0 0 1 2 0 260 65 128 1 0 0 0 0 0 0 0 0 8 1 0 0 0
3 8 4 0 0 0 1 2 4 260 65 128 1 0 0 0 0 0 0 0 0 2 0 0 0 0
3 40 4 0 0 0 1 2 4 260 65 130 1 0 0 0 0 0 0 0 0 5 0 0 0 0
3 40 4 0 0 0 1 34 4 260 65 130 1 0 129 0 0 0 0 0 0 0 1 0 0 0
131 40 4 0 0 0 1 34 4 260 65 130 1 0 129 0 64 0 0 0 0 6 1 0 0 0
131 40 4 0 0 4 17 34 4 260 65 131 1 32 129 0 64 0 0 0 0 0 1 0 0 10
163 40 4 0 0 4 17 34 4 260 65 131 1 32 137 0 64 0 0 0 0 3 1 0 0 0
163 40 4 128 0 4 17 34 4 260 65 131 1 32 137 0 192 0 0 0 0 7 1 0 0 0
163 40 4 128 0 4 17 38 4 260 65 163 1 32 137 0 192 0 0 0 0 5 1 0 0 0
163 40 4 128 0 6 17 38 4 260 81 163 1 32 137 0 192 0 0 0 0 4 1 0 0 0
163 40 4 128 1 6 17 38 4 260 81 163 1 32 137 0 192 0 0 0 0 0 0 0 0 0
163 40 4 128 1 6 49 38 4 324 81 163 1 32 137 0 192 0 0 0 0 5 0 0 0 -10
163 40 4 128 1 6 49 38 20 324 81 163 1 48 393 0 192 0 0 0 0 4 1 0 0 10
163 44 4 128 3 6 49 38 20 324 83 171 1 48 393 0 192 0 0 0 0 3 1 0 0 10
163 44 4 130 3 6 49 38 20 324 83 171 1 48 393 0 192 0 0 0 0 1 0 0 0 0
163 44 4 130 3 6 49 38 20 324 339 171 1 48 393 0 192 0 0 2 0 8 1 0 0 5
163 44 4 130 3 6 49 38 84 324 339 171 1 48 393 0 192 0 256 2 0 6 0 0 0 0
163 44 4 130 259 6 49 39 84 340 339 171 1 48 393 128 192 0 384 3 0 -1 0 0 0 -300
163 44 4 386 259 6 49 39 84 340 339 171 9 48 393 128 192 0 384 3 0 -1 0 0 0 -300
163 44 4 386 259 6 49 39 84 340 339 427 9 48 393 128 192 0 384 3 0 -1 1 0 0 300
163 44 4 386 331 6 49 39 84 340 339 427 25 48 393 128 192 0 400 3 0 6 0 0 0 300
163 44 4 386 331 6 49 39 84 340 339 427 25 48 393 136 192 0 400 3 0 3 1 0 0 300
163 44 68 450 331 6 49 39 84 340 339 427 25 48 393 142 192 0 408 3 0 2 1 0 0 300
163 44 84 450 331 6 49 39 84 340 339 427 25 48 425 142 192 0 412 3 0 5 1 0 0 300
256 8 0 0 0 0 0 0 0 0 0 0 1 0 0 0 0 0 0 0 0 8 0 0 0 0
256 8 0 0 0 0 8 0 0 0 0 0 1 0 0 0 0 64 0 0 0 3 0 0 0 0
256 8 0 0 0 0 8 128 0 0 0 0 129 0 0 0 0 64 0 0 0 7 0 0 0 0
256 8 2 0 0 0 8 128 0 0 0 0 129 0 0 0 4 64 0 0 0 1 0 0 0 0
256 8 2 0 0 0 8 128 8 0 256 0 129 0 0 0 4 64 0 0 0 3 0 0 0 0
256 8 2 32 0 0 8 128 8 0 256 0 137 0 32 0 4 64 0 0 0 5 1 0 0 0
256 8 2 32 1 1 8 128 8 16 256 0 137 0 32 0 4 64 0 0 0 0 0 0 0 0
256 8 18 32 1 1 8 128 9 22 256 0 137 256 32 0 4 64 0 0 0 1 1 0 0 0
256 136 18 32 33 1 8 128 9 22 256 0 137 256 34 0 20 64 0 0 0 1 1 0 0 0
256 152 18 32 33 1 8 128 9 22 256 0 137 256 34 0 20 64 0 0 0 4 0 0 0 0
256 152 18 32 33 1 8 136 11 22 256 0 393 384 34 0 20 64 0 0 0 1 0 0 0 0
256 152 18 32 33 1 8 136 11 22 288 0 393 384 34 0 20 64 0 0 0 5 1 0 0 0
256 152 18 32 33 65 8 136 11 22 288 0 393 384 34 0 20 64 0 0 0 6 0 0 0 0
256 152 18 32 33 73 8 136 11 22 288 0 409 384 34 32 20 64 32 8 0 4 1 0 0 0
256 152 146 32 35 73 264 136 11 22 352 0 409 384 34 32 22 68 36 8 0 1 1 0 0 5
256 154 146 32 43 73 265 392 11 182 352 0 409 384 34 32 22 84 38 265 0 -1 0 0 0 -300
128 0 0 0 0 0 0 0 0 0 0 0 0 0 0 0 0 0 0 0 0 7 0 0 0 0
128 0 0 0 4 32 0 0 0 0 0 0 0 0 16 0 32 0 0 0 0 2 0 0 0 0
128 32 0 0 4 32 0 0 0 0 0 2 0 0 272 0 32 0 0 0 0 8 1 0 0 0
128 48 0 0 4 32 0 16 4 0 0 130 0 2 272 0 32 0 0 0 0 4 0 0 0 0
128 48 0 16 4 32 0 16 4 0 0 130 0 10 272 0 32 0 0 0 0 4 0 0 0 0
132 48 0 16 4 32 0 16 4 0 0 131 0 11 272 0 32 0 0 0 0 0 1 0 0 0
148 48 0 16 4 32 0 16 4 0 0 131 0 139 272 0 32 0 0 0 0 7 1 0 0 0
148 48 0 16 4 96 0 17 4 32 0 131 0 139 272 0 32 0 0 0 0 6 0 0 0 0
148 48 0 16 4 96 0 17 4 32 0 131 0 139 272 16 32 0 0 0 0 4 1 0 0 0
148 48 0 16 36 96 0 17 4 32 0 131 0 139 272 16 32 0 0 0 0 5 0 0 0 0
148 48 64 16 36 96 0 17 4 32 0 131 0 139 276 16 32 0 0 0 0 6 0 0 0 0
148 49 64 16 36 96 0 17 4 32 0 131 0 139 276 18 32 0 0 0 0 0 0 0 0 0
148 49 64 16 36 96 0 17 5 296 0 131 0 139 276 18 32 0 0 0 0 3 1 0 0 0
148 49 64 17 36 96 64 25 5 360 0 131 0 139 276 146 32 0 0 64 0 3 0 0 0 0
148 51 64 17 36 96 64 25 5 360 128 131 2 139 276 146 32 0 0 64 0 7 1 0 0 15
150 51 64 49 36 96 64 27 5 360 200 131 2 139 404 146 32 0 1 64 0 7 1 0 0 20
150 51 64 49 292 96 64 283 5 360 200 131 2 139 404 146 32 16 145 64 0 8 0 0 0 300
150 51 64 49 292 96 64 283 5 360 200 131 2 139 404 146 32 24 145 64 0 3 1 0 0 300
150 51 80 241 292 96 64 283 5 360 204 131 2 139 412 146 32 24 145 64 0 -1 0 0 0 0
150 51 80 241 292 96 64 283 133 360 204 131 2 139 412 146 32 280 145 64 0 -1 0 0 0 0
150 51 80 241 292 96 64 283 133 360 204 131 2 139 412 146 32 344 145 64 0 -1 1 0 0 300
150 51 80 245 292 96 64 283 133 360 204 135 2 139 412 146 32 344 153 68 0 -1 1 0 0 300
0 0 0 0 0 0 64 0 0 0 0 0 0 0 0 0 0 0 0 0 0 6 0 0 0 0
320 0 0 0 0 0 64 0 4 0 0 1 0 0 0 257 0 256 0 0 0 8 1 0 0 0
320 0 0 0 1 32 64 0 20 32 0 1 0 16 2 257 0 256 0 0 0 1 1 0 0 0
320 8 0 0 1 32 64 0 20 32 0 1 0 16 2 257 0 256 0 0 0 3 0 0 0 0
320 8 0 0 1 32 64 0 84 32 0 1 256 16 2 273 0 256 256 64 0 4 1 0 0 0
320 8 0 0 5 32 64 0 84 32 0 1 256 16 2 273 0 256 256 64 0 2 0 0 0 0
320 8 4 0 5 32 64 0 84 32 0 321 256 16 2 273 0 256 256 64 0 -1 1 0 0 15
320 8 4 0 5 32 64 8 84 32 0 321 256 16 2 273 0 256 256 64 0 3 0 0 0 0
320 8 4 0 261 32 64 8 84 32 0 321 320 16 2 273 0 256 256 64 0 -1 0 0 0 -15
320 8 12 0 261 288 64 8 84 36 0 321 352 16 2 273 0 256 256 64 0 -1 0 0 0 -5
320 24 12 2 261 288 64 8 84 36 0 323 352 24 2 273 0 256 256 64 0 1 0 0 0 5
320 24 12 2 261 288 64 8 84 36 128 323 352 24 2 273 0 256 256 64 0 7 1 0 0 5
329 24 12 2 261 288 64 10 84 36 129 323 353 24 3 273 0 256 257 64 0 -1 1 0 0 300
0 0 0 0 0 0 0 0 64 0 0 0 0 0 0 0 0 0 0 0 0 6 0 0 0 0
0 128 0 0 2 0 0 0 64 0 2 0 0 0 0 16 1 0 0 0 0 0 1 0 0 0
64 128 0 0 2 1 0 0 64 0 2 0 0 0 0 48 1 0 0 0 0 0 0 0 0 0
64 128 0 0 2 1 0 0 64 32 2 0 0 0 0 48 1 0 0 0 0 5 1 0 0 0
64 128 16 0 2 257 1 64 64 32 2 0 0 64 0 52 1 128 0 0 0 0 0 0 0 0
64 128 16 0 10 257 1 64 64 48 2 0 0 64 0 52 1 128 0 0 0 3 0 0 0 0
64 128 16 0 10 257 1 64 64 48 2 0 32 64 0 52 1 128 0 0 0 5 1 0 0 10
64 128 16 0 10 265 1 64 68 48 2 0 288 64 0 52 1 128 0 0 0 2 0 0 0 0
64 128 16 0 10 281 1 64 68 48 2 32 288 64 0 52 1 128 32 0 0 4 0 0 0 10
64 128 16 0 10 281 1 64 69 48 2 32 288 320 0 52 1 128 32 0 0 0 0 0 0 0
64 128 16 0 10 281 1 64 69 50 2 32 288 320 0 52 1 128 32 0 0 1 1 0 0 10
64 144 16 0 10 281 1 64 69 50 2 32 288 320 0 52 1 128 32 0 0 4 0 0 0 -5
64 144 24 0 10 281 1 64 69 50 2 32 288 324 0 52 1 128 32 0 0 3 0 0 0 0
64 400 24 0 10 281 1 64 69 50 2 32 290 324 0 52 1 128 32 0 0 8 0 0 0 5
64 400 24 0 10 281 1 64 69 50 2 32 290 324 0 52 1 384 32 0 0 8 1 0 0 20
64 400 24 0 10 281 1 64 71 50 2 32 290 324 0 52 1 384 288 0 0 1 0 0 0 15
64 400 24 0 10 281 1 64 71 50 34 32 290 324 0 52 1 384 288 0 0 -1 1 0 0 25
64 400 24 0 10 281 1 96 71 50 34 288 290 324 0 52 1 384 288 0 0 -1 1 0 0 15
64 400 24 0 11 281 1 96 71 306 34 288 290 324 0 52 1 384 288 0 0 -1 1 0 0 15
64 400 24 0 11 281 9 96 71 306 34 288 290 324 0 52 1 384 288 0 0 3 0 0 0 15
64 400 26 0 11 281 9 96 71 306 42 288 294 324 0 52 1 384 288 8 0 -1 1 0 0 300
64 400 26 0 11 281 9 352 71 306 42 288 294 324 0 52 1 384 288 8 0 -1 0 0 0 300
64 401 26 0 11 281 9 352 71 314 42 288 294 324 0 54 1 384 290 9 0 -1 1 0 0 300
64 401 26 0 139 281 137 352 71 314 42 288 294 324 0 54 21 384 290 9 0 2 1 0 0 300
0 0 32 0 1 0 0 0 0 0 0 0 0 0 16 0 0 0 0 0 0 0 0 0 0 0
0 0 32 0 1 8 0 0 256 256 0 0 16 0 16 0 0 32 0 0 0 4 1 0 0 0
0 0 32 0 3 8 0 0 384 256 256 0 16 0 16 0 4 32 0 0 0 2 1 0 0 0
0 0 33 0 3 8 0 0 384 256 256 0 16 0 16 0 4 32 0 0 0 0 0 0 0 0
0 0 33 0 3 8 0 0 384 384 256 0 16 0 16 0 4 32 0 0 0 7 1 0 0 0
0 0 33 0 3 8 0 8 384 384 256 0 16 0 16 0 4 32 0 0 0 3 0 0 0 0
1 0 33 0 3 8 0 8 384 392 256 0 17 0 16 0 4 32 0 0 0 3 1 0 0 0
1 0 33 4 3 8 0 8 384 392 256 0 17 0 16 0 4 32 0 0 0 2 0 0 0 0
1 0 33 4 3 8 0 8 384 392 256 4 17 0 16 0 4 32 0 0 0 2 1 0 0 0
1 0 35 4 3 8 0 8 384 392 256 4 17 0 16 0 4 32 0 0 0 1 0 0 0 0
17 8 35 4 3 8 128 264 388 392 258 12 273 0 16 0 5 96 0 8 0 4 0 0 0 -10
17 8 35 4 3 8 128 264 388 392 258 12 273 4 16 0 5 96 0 8 0 2 1 0 0 -10
17 73 291 4 3 73 144 264 388 488 258 12 273 12 16 2 5 98 34 9 0 6 0 0 0 -300
17 73 307 4 3 73 144 280 388 488 258 12 273 140 16 6 5 98 38 9 0 4 0 0 0 -300
17 73 307 4 35 73 144 280 388 488 258 12 273 156 16 6 5 98 38 9 0 -1 0 0 0 -300
0 0 0 0 32 0 0 0 16 0 0 0 0 16 0 0 0 0 0 0 0 5 0 0 0 0
0 0 0 0 32 0 0 0 16 0 0 0 0 16 8 0 0 0 0 0 0 3 1 0 0 0
0 16 0 32 32 0 0 0 16 0 0 0 0 20 10 0 0 0 0 0 0 2 1 0 0 0
0 16 4 32 32 0 0 0 16 0 0 0 0 20 10 0 0 0 0 0 0 2 0 0 0 0
0 16 4 32 32 0 0 0 80 0 0 256 0 20 10 0 0 0 0 0 0 6 0 0 0 0
0 16 4 32 32 0 0 0 80 0 0 256 0 20 10 256 0 0 0 0 0 8 1 0 0 10
0 16 4 32 32 0 0 0 81 0 0 256 0 20 10 256 0 0 0 0 0 0 0 0 0 0
0 16 36 32 32 0 8 0 81 4 0 256 0 20 74 256 0 0 0 0 0 3 0 0 0 0
0 16 36 33 32 0 8 8 81 132 0 256 8 20 74 256 0 0 0 0 0 3 0 0 0 0
0 16 36 33 32 0 8 8 81 132 0 256 12 20 74 256 0 0 0 0 0 2 1 0 0 0
0 16 37 33 32 0 8 8 337 388 0 256 12 20 74 256 0 0 256 0 0 -1 0 0 0 0
8 16 165 33 32 0 8 8 337 388 0 256 14 20 78 256 1 0 256 0 0 1 1 0 0 10
8 52 165 33 32 1 136 8 337 452 0 256 14 20 110 256 3 0 256 1 0 2 0 0 0 0
8 52 165 33 32 1 136 8 337 452 0 258 14 20 110 256 3 0 256 1 0 1 1 0 0 -5
8 54 165 33 32 1 136 8 337 452 1 258 14 20 110 256 3 0 256 1 0 -1 1 0 0 0
8 54 165 289 32 1 136 8 337 452 1 258 14 20 366 256 3 0 256 33 0 -1 1 0 0 0
8 54 165 289 288 1 136 8 337 452 9 258 14 20 366 256 3 0 256 33 0 3 1 0 0 -10
8 54 165 353 288 1 138 8 337 452 73 258 14 20 366 288 3 0 256 35 0 6 1 0 0 -15
8 54 165 353 288 1 142 8 337 452 73 266 14 20 366 288 3 0 256 35 0 3 1 0 0 -15
8 54 165 481 288 1 142 8 337 452 73 266 14 20 366 288 7 0 264 163 0 2 1 0 0 -300
1 0 0 0 0 0 0 128 0 0 0 0 0 0 0 0 1 0 0 0 0 0 0 0 0 0
1 0 0 0 0 0 0 128 0 8 0 0 0 0 0 0 1 0 0 0 0 3 1 0 0 0
1 0 0 1 0 0 0 128 0 10 0 0 0 0 0 0 1 0 0 0 0 1 1 0 0 0
1 64 0 1 10 0 0 128 0 10 16 0 0 0 0 16 1 0 0 0 0 3 0 0 0 0
1 64 0 1 10 0 0 128 0 10 16 0 128 0 0 16 1 0 0 0 0 7 1 0 0 0
17 64 0 1 10 16 0 392 20 10 16 1 384 288 0 16 1 128 0 0 0 4 0 0 0 -10
21 64 0 1 10 16 0 392 20 10 16 33 384 289 0 16 1 128 0 0 0 5 1 0 0 10
21 64 0 1 10 48 0 392 20 10 16 33 384 289 0 16 1 128 0 0 0 5 0 0 0 0
149 64 0 1 10 48 32 392 20 10 16 33 384 289 1 16 65 128 0 0 0 5 0 0 0 0
149 64 0 1 10 48 32 392 20 10 16 33 384 289 65 16 65 128 0 0 0 6 1 0 0 0
149 192 0 1 138 176 34 392 20 10 48 33 384 289 65 16 83 128 0 0 0 7 0 0 0 -10
149 192 0 1 138 176 34 392 20 10 48 33 384 289 65 16 115 128 0 0 0 5 1 0 0 10
149 192 0 1 138 432 34 392 20 10 48 33 384 289 65 16 115 129 0 0 0 0 1 0 0 0
213 192 0 1 138 432 38 392 20 10 48 33 384 289 65 80 115 129 1 0 0 2 0 0 0 15
213 448 16 1 138 440 38 392 20 10 48 37 400 305 65 80 115 385 35 16 0 8 1 0 0 0
213 448 80 1 138 440 38 392 28 10 48 37 432 305 65 80 115 385 35 16 0 6 0 0 0 -300
213 448 80 1 138 440 38 392 28 10 48 37 432 305 65 81 115 385 35 16 0 -1 1 0 0 300
213 448 80 1 138 440 38 392 92 10 48 37 432 305 65 89 115 385 291 80 0 3 1 0 0 300
213 448 82 69 138 440 38 396 92 10 48 173 440 305 65 89 115 385 291 88 128 -1 0 0 0 -300
0 128 0 0 0 128 0 0 0 0 0 0 0 0 0 0 33 0 0 0 0 0 1 0 0 0
32 128 0 0 0 128 0 0 0 0 0 0 0 0 0 0 33 0 0 0 0 5 0 0 0 0
32 128 0 0 0 128 0 0 0 0 0 0 0 0 2 0 33 0 0 0 0 1 1 0 0 0
32 136 0 2 0 128 0 0 0 0 0 0 8 0 2 0 33 0 0 0 0 1 0 0 0 0
32 136 0 2 0 128 256 0 0 0 64 0 8 0 2 0 33 0 0 0 0 8 0 0 0 0
36 136 0 2 0 128 256 0 0 0 64 0 8 0 2 0 33 1 0 0 0 2 0 0 0 0
44 136 0 2 0 128 256 0 0 0 64 1 12 0 2 0 33 1 0 0 0 2 1 0 0 0
44 136 2 2 0 128 256 0 32 0 320 1 12 0 10 0 33 1 0 0 0 3 1 0 0 0
44 136 2 34 0 128 256 0 32 0 320 1 12 0 10 0 33 1 0 0 0 5 0 0 0 0
44 136 2 34 0 128 256 0 32 0 320 1 12 0 26 0 33 1 0 0 0 4 1 0 0 0
44 138 2 34 40 128 257 0 32 2 336 1 76 0 58 0 33 1 0 32 0 1 1 0 0 -10
44 139 2 34 40 128 257 0 32 2 336 1 76 0 58 0 33 1 0 32 0 0 0 0 0 -10
44 139 2 34 40 128 257 0 32 66 336 1 76 0 58 0 33 1 0 32 0 6 1 0 0 0
44 139 2 34 40 128 289 0 32 66 336 1 76 0 58 0 97 1 0 32 0 6 1 0 0 0
44 139 2 34 40 128 291 0 288 66 368 1 76 0 58 0 97 5 0 32 0 2 1 0 0 -10
172 139 10 34 40 128 291 0 288 66 368 1 77 0 58 0 105 5 0 168 0 -1 1 0 0 -15
172 139 10 34 104 128 291 0 288 66 368 1 77 0 58 0 105 5 0 168 0 6 0 0 0 -30
172 139 14 34 104 128 291 0 288 66 368 1 77 0 58 128 105 5 0 168 0 2 0 0 0 -30
172 139 14 34 104 128 307 0 288 66 368 65 77 2 58 128 105 5 64 168 0 1 1 0 0 -300
172 143 14 34 104 128 307 0 288 66 368 65 77 2 58 128 105 5 66 168 0 2 0 0 0 -300
172 143 14 34 105 128 307 0 288 66 368 81 77 2 58 128 105 5 82 168 0 0 0 0 0 0
172 143 14 34 105 128 307 0 288 322 368 81 77 2 58 128 105 5 82 168 0 8 1 0 0 0
0 0 0 0 64 0 0 0 0 0 0 0 0 0 0 8 0 0 0 0 0 3 1 0 0 0
0 0 0 1 64 0 0 0 0 0 0 0 0 0 0 8 0 0 0 0 0 0 0 0 0 0
0 0 0 257 64 0 0 0 0 8 0 0 0 0 0 8 0 0 0 0 0 8 0 0 0 0
0 0 0 257 64 0 0 0 0 8 0 0 0 0 0 8 0 2 0 0 0 1 1 0 0 0
0 256 0 257 64 0 0 0 0 8 0 0 0 0 0 8 0 18 0 0 0 4 1 0 0 0
0 256 0 257 72 0 0 0 0 8 0 0 64 0 0 8 0 18 0 0 0 6 1 0 0 0
0 256 0 257 72 0 16 0 0 8 0 0 64 0 0 8 0 18 0 0 0 4 0 0 0 0
0 256 0 257 72 0 16 0 0 8 0 0 64 16 0 8 0 18 0 0 0 4 1 0 0 10
0 256 0 257 76 0 16 0 0 8 0 0 64 16 0 8 0 18 0 0 0 2 0 0 0 0
0 256 0 257 76 0 16 0 0 8 0 256 64 16 0 8 0 18 0 0 0 8 1 0 0 0
0 256 0 257 76 0 16 0 4 8 0 256 64 16 0 8 0 18 0 0 0 2 0 0 0 0
0 256 0 257 76 0 16 0 4 8 0 384 64 16 0 8 0 18 0 0 0 7 1 0 0 0
0 256 0 257 76 0 16 16 4 8 0 384 64 16 0 8 0 18 0 0 0 4 0 0 0 0
0 256 0 257 76 0 16 16 4 8 0 384 64 272 0 8 0 18 0 0 0 8 1 0 0 0
0 256 0 257 76 0 16 16 36 8 0 384 64 272 0 8 0 18 0 0 0 5 0 0 0 0
0 256 0 257 76 0 16 16 36 8 0 384 64 272 2 8 0 18 0 0 0 1 1 0 0 0
0 258 0 257 76 0 16 16 36 8 0 384 64 272 2 8 0 18 0 0 0 1 0 0 0 0
0 258 0 257 76 0 16 16 36 8 16 384 64 272 2 8 0 18 0 0 0 4 1 0 0 10
